0404 28.25918181729213
7017 27.90343837552598
0807 27.868191687860953
4672 27.843241283311425
1826 27.688205936740598
2154 27.541163576434588
6452 27.47893187627004
2769 27.471851036951964
9147 27.41444746937435
7419 27.385025215419386
4877 27.30930970126089
9448 27.222530398417423
3348 27.222205331156164
7980 27.160953789035037
8250 27.084264100244432
0774 27.06205990684471
0500 27.047073244779785
3329 27.038661059127307
2149 26.894688132608273
3441 26.86966242477388
7444 26.791946221172697
7821 26.76900330981133
7540 26.738830549011933
4208 26.72946500943523
7564 26.67484722742668
1821 26.656419613570268
8978 26.644714943935686
3182 26.567047436145852
9568 26.43538222007906
3689 26.389391069296458
9420 26.267154795866613
7501 26.175496852415847
0028 26.10590447374835
0355 25.919230760935903
6140 25.896563422249166
6363 25.877855258682022
5578 25.877820596477235
7384 25.873695746596038
3492 25.84124100438762
0563 25.667033078721087
1186 25.570026201512427
9259 25.53943878242555
1915 25.454290399442687
5030 25.40013570160643
0597 25.36773176314625
4791 25.259430520670033
6094 25.174735065413216
8853 25.041568174344675
6118 24.93298018465607
4724 24.551140887916784
