0807 45.192504787986906
0404 45.17858178445922
4672 44.02281962187511
7017 44.00337812295651
2769 43.67628965193284
7419 43.64072508019406
1826 43.56742627499029
2154 43.33685345084465
6452 43.292707970770735
9147 43.03830992914378
4208 42.97899059314362
7980 42.91331988289535
3441 42.91015962298493
4877 42.81183832984507
8978 42.780922209101014
3329 42.75745123336611
8250 42.70194452278732
2149 42.69525572893043
9448 42.685407174776394
3182 42.62745397336231
3689 42.494017359053835
3348 42.242202777020395
0774 42.04547891871766
7501 41.98043702503817
1821 41.97241598830021
0500 41.88694617962638
7444 41.71904716951778
7821 41.71038137425204
7540 41.65516599871651
9420 41.63783204170646
7564 41.43834623282458
3492 41.325755290003286
0028 41.074258315249146
7384 41.00134465223834
6363 40.746468834232644
5578 40.63681001393681
0597 40.56454790208032
6140 40.39379007304513
9568 40.390626034229804
1915 40.26339656593399
6118 40.140733986484435
9259 40.06886457011741
1186 40.00348645219298
6094 39.90709385996635
0563 39.876130204212735
0355 39.82764860257303
8853 39.72192116353473
4791 39.566315890669465
5030 39.553542112993235
4724 38.939759616015756
